0.90400480
0.90400478
0.90400309
0.90398347
0.90380171
0.90176103
0.90162901
0.90162888
0.90162070
0.90153572
0.90068364
0.89201517
0.88733415
0.88732301
0.88719864
0.88667175
0.88657828
0.88656511
0.88604140
0.88556634
0.88555345
0.88555265
0.88187024
0.87548935
0.87495696
0.87491629
0.87491348
0.87491342
0.85666267
0.85022973
0.84026494
0.83994733
0.83994560
0.83992614
0.83971385
0.83807901
0.83752275
0.83701382
0.83393542
0.83146467
0.83012106
0.82997946
0.82996628
0.82996544
0.82283369
0.82143442
0.81830222
0.81084143
0.80668239
0.80543370
0.80273037
0.79855387
0.79715243
0.79714827
0.79713075
0.79695495
0.79694462
0.79693942
0.79687914
0.79670922
0.79669149
0.79668903
0.79658297
0.79358573
0.79277504
0.79230008
0.79224727
0.79224164
0.79129908
0.79082358
0.79077554
0.79076825
0.79076670
0.78947667
0.78237904
0.78129229
0.78117232
0.78116072
0.77694574
0.77289950
0.77123847
0.76973685
0.76494425
0.75341199
0.75186198
0.75170440
0.75168895
0.75168765
0.74704916
0.74209781
0.71197421
0.70762875
0.70714501
0.70709310
0.70709001
0.70016621
0.69470386
0.69409391
0.69403060
0.69402393
