0.46282942
0.46113620
0.46089914
0.46089914
0.46069751
0.45901317
0.45900668
0.45900283
0.45884468
0.45820563
0.45820072
0.45816839
0.45778729
0.45762151
0.45755217
0.44844246
0.44798837
0.44798019
0.44780177
0.44780177
0.44779141
0.43891077
0.43864856
0.43864856
0.43864856
0.43864803
0.43859037
0.41924826
0.38020945
0.37988929
0.37614680
0.37582537
0.37582537
0.37254068
0.37026919
0.36875705
0.36783536
0.35741082
0.35708767
0.35708767
0.35708708
0.35706526
0.35694273
0.35673440
0.35673440
0.35673440
0.35395878
0.35395878
0.35394673
0.35372155
0.35372089
0.35370704
0.34795639
0.34186517
0.33163093
0.32957466
0.32686117
0.32645503
0.32645503
0.32645503
0.32642223
0.32593031
0.31614945
0.31328371
0.31137176
0.31132682
0.31131841
0.31131841
0.30847074
0.29571467
0.29549937
0.27839883
0.27076400
0.26398058
0.25969126
0.25806915
0.24917105
0.24857346
0.24829650
0.24821186
0.24821186
0.24821186
0.24641966
0.22378612
0.22159643
0.22000569
0.21991404
0.21991404
0.21991038
0.19592200
0.19547141
0.19273032
0.19256375
0.19252486
0.19252486
0.17056761
0.16855583
0.16854194
0.16854194
0.16836729
