0.8292307692307693
0.9422348484848485
0.7303974221267453
0.7457682291666666
0.7646153846153846
0.9261538461538462
0.7101990049751243
0.7290076335877862
0.8569415081042988
0.959332638164755
0.7663273960983883
0.8939393939393939
0.8442565186751234
0.7196969696969697
0.6298828125
0.9409237379162192
0.9215896885069818
0.7547568710359408
0.9007692307692308
0.9124087591240877
0.7509469696969697
0.8792307692307691
0.7007692307692308
0.8314393939393938
0.8879492600422834
0.548148148148148
0.8087121212121212
0.8005637773079634
0.8665364583333334
0.7851929092805006
0.7883211678832116
0.8673076923076923
0.6562962962962963
0.9399092970521542
0.7083333333333333
0.9236641221374046
0.8049242424242424
0.7040719696969696
0.7699665231946436
0.7610294117647058
0.9299242424242424
0.8936627282491943
0.6747709654686399
0.856153846153846
0.7884114583333334
0.7175572519083969
0.8511029411764706
0.8407329105003524
0.8069230769230769
0.7463235294117647
