0.98151622
0.96952158
0.95877837
0.97841026
0.96969948
0.96203488
0.96846336
0.97569673
0.96498423
0.96519254
0.97948550
0.96559218
0.97066829
0.96610870
0.97366455
0.95784552
0.96705381
0.96828537
0.96882911
0.97107010
0.97645947
0.97206138
0.94591622
0.97539231
0.96983021
0.96063309
0.97614184
0.97192591
0.97272838
0.97075925
0.98009776
0.98070272
0.97023598
0.97103460
0.96600446
0.97215879
0.96557213
0.95795817
0.97024382
0.95858433
0.97064270
0.96634431
0.97919271
0.96056176
0.95569853
0.96859277
0.97479533
0.97529461
0.96654159
0.96772679
