0.97645936 0.97206138 0.94591693 0.97539244 0.96983011 0.96063332 0.97614209 0.97192602 0.97272860 0.97075937
0.96123926 0.96427018 0.92308881 0.95691964 0.95730382 0.95091638 0.96426667 0.95986205 0.95544861 0.96147380
0.93263328 0.94109540 0.88535365 0.92586913 0.92296402 0.92414768 0.93977385 0.93244087 0.92150780 0.93634303
0.92789044 0.93525350 0.87811653 0.92146714 0.91475184 0.91865670 0.93463862 0.92725572 0.91483487 0.93089808
0.92783009 0.93515488 0.87798891 0.92140458 0.91465365 0.91853020 0.93456806 0.92722108 0.91475841 0.93079793
0.92765192 0.93481478 0.87749912 0.92122615 0.91447237 0.91754462 0.93428968 0.92700831 0.91456379 0.93016178
0.92549968 0.93122433 0.87339071 0.91910255 0.91287516 0.90916633 0.93219877 0.92433721 0.91099828 0.92470906
0.90522767 0.91053738 0.85353107 0.90351786 0.89828316 0.87811916 0.91577842 0.90594554 0.88841753 0.90025082
0.87120817 0.87235061 0.81366147 0.86943847 0.86297564 0.83479449 0.87881889 0.86976599 0.84981840 0.86001361
0.84166340 0.83338783 0.77154486 0.83540326 0.82276799 0.79832377 0.83798375 0.83291238 0.81627533 0.81348156
0.94490667 0.95314461 0.92217818 0.95143883 0.95265117 0.91891170 0.96079291 0.95472597 0.93937452 0.94139997
0.97645947 0.97206138 0.94591634 0.97539231 0.96983021 0.96063309 0.97614184 0.97192591 0.97272838 0.97075925
0.96123765 0.96427006 0.92308929 0.95691926 0.95730488 0.95091556 0.96426667 0.95986249 0.95544850 0.96147331
0.93262777 0.94108932 0.88534039 0.92586350 0.92296009 0.92413723 0.93977013 0.93243279 0.92149865 0.93633612
0.92787369 0.93524182 0.87806431 0.92144775 0.91472708 0.91856321 0.93460521 0.92723999 0.91481810 0.93083210
0.92765365 0.93482135 0.87750068 0.92122803 0.91447365 0.91754474 0.93429179 0.92700853 0.91456412 0.93016165
0.92549980 0.93122554 0.87339143 0.91910267 0.91287516 0.90916633 0.93219889 0.92433732 0.91099806 0.92470869
0.90522779 0.91053811 0.85353203 0.90351824 0.89828337 0.87811940 0.91578004 0.90594609 0.88841786 0.90025218
0.87121746 0.87235985 0.81366732 0.86944661 0.86298669 0.83479966 0.87882883 0.86977473 0.84982347 0.86002286
0.84169678 0.83345373 0.77163125 0.83545181 0.82287989 0.79837838 0.83805306 0.83295445 0.81632343 0.81356345
0.87319624 0.90988648 0.87453088 0.90674205 0.91129516 0.86137045 0.90671230 0.90895618 0.87330076 0.88772392
0.94490610 0.95314424 0.92217723 0.95143796 0.95265202 0.91891111 0.96079279 0.95472542 0.93937596 0.94140034
0.97645844 0.97205955 0.94591490 0.97539156 0.96982904 0.96063121 0.97614059 0.97192493 0.97272760 0.97075740
0.96123570 0.96426860 0.92308810 0.95692026 0.95730765 0.95090651 0.96426679 0.95986533 0.95544695 0.96146578
0.93257810 0.94105710 0.88524384 0.92580969 0.92290197 0.92400755 0.93971385 0.93235629 0.92144536 0.93624609
0.92768428 0.93488567 0.87756257 0.92127132 0.91452391 0.91756953 0.93432608 0.92701366 0.91461487 0.93018965
0.92550072 0.93123551 0.87339502 0.91910843 0.91287994 0.90916528 0.93220051 0.92433831 0.91099784 0.92470745
0.90523501 0.91054893 0.85353824 0.90352412 0.89828953 0.87812550 0.91578886 0.90595133 0.88842183 0.90025983
0.87127104 0.87246272 0.81375073 0.86951805 0.86307021 0.83485721 0.87892796 0.86986095 0.84989563 0.86012881
0.84211117 0.83406973 0.77259793 0.83593353 0.82366962 0.79888767 0.83869293 0.83347179 0.81680094 0.81459342
0.86186015 0.90096494 0.86629973 0.89982370 0.90381459 0.85350626 0.89704618 0.90115304 0.86409434 0.88205352
0.87318029 0.90987603 0.87452180 0.90673267 0.91128571 0.86135670 0.90669627 0.90894831 0.87329679 0.88771528
0.94490552 0.95313987 0.92217269 0.95143207 0.95265256 0.91890195 0.96078620 0.95472171 0.93939074 0.94139775
0.97644972 0.97204739 0.94589734 0.97537667 0.96982075 0.96060666 0.97612755 0.97191739 0.97272286 0.97074074
0.96122423 0.96427127 0.92307459 0.95693252 0.95732359 0.95081995 0.96425673 0.95986380 0.95544067 0.96141423
0.93220042 0.94066909 0.88451710 0.92539215 0.92255524 0.92288584 0.93925274 0.93182124 0.92103758 0.93546834
0.92552332 0.93130105 0.87342883 0.91914484 0.91291522 0.90915388 0.93221777 0.92434355 0.91101185 0.92470548
0.90528389 0.91064986 0.85361687 0.90356553 0.89834787 0.87816650 0.91586575 0.90602007 0.88847688 0.90033913
0.87194195 0.87328300 0.81453506 0.87007323 0.86387015 0.83545707 0.87987019 0.87065774 0.85054988 0.86115408
0.84606643 0.83986653 0.77862366 0.84064182 0.82936713 0.80372371 0.84457362 0.83855466 0.82105634 0.82172767
0.86170183 0.90088919 0.86618227 0.89970246 0.90371236 0.85328215 0.89695015 0.90108540 0.86409831 0.88201504
0.86179441 0.90091934 0.86624608 0.89976739 0.90378313 0.85342662 0.89696978 0.90112485 0.86416330 0.88203021
0.87302931 0.90978191 0.87441785 0.90662331 0.91120006 0.86121235 0.90655988 0.90885072 0.87328168 0.88761822
0.94487271 0.95312552 0.92212083 0.95136088 0.95265287 0.91881515 0.96074037 0.95469974 0.93950482 0.94138640
0.97632318 0.97192057 0.94570974 0.97524141 0.96972682 0.96033980 0.97600730 0.97181553 0.97267597 0.97059274
0.96120874 0.96410299 0.92287540 0.95705227 0.95750019 0.94999141 0.96419437 0.95987079 0.95534269 0.96090770
0.93115195 0.93891460 0.88215719 0.92409449 0.92362879 0.91604576 0.93857709 0.92997414 0.91911112 0.93170851
0.90641358 0.91245651 0.85532258 0.90452811 0.90012201 0.87960957 0.91744773 0.90699706 0.89005735 0.90189499
0.87787185 0.88183830 0.82270683 0.87531204 0.87256540 0.84257106 0.88790067 0.87798855 0.85831949 0.86923998
0.86316905 0.86448573 0.80577444 0.85883222 0.85602924 0.82516764 0.86959215 0.86048535 0.84186818 0.84926124
0.86106797 0.90052610 0.86574159 0.89912739 0.90340686 0.85242495 0.89625600 0.90074378 0.86441937 0.88174136
0.86107417 0.90052696 0.86574625 0.89913302 0.90341377 0.85243694 0.89625687 0.90074881 0.86442742 0.88174148
0.86115643 0.90054057 0.86579202 0.89919533 0.90348985 0.85257272 0.89627277 0.90078476 0.86448491 0.88175233
0.87185912 0.90898790 0.87357234 0.90571541 0.91055218 0.86000912 0.90540486 0.90809404 0.87301093 0.88687624
0.94467986 0.95294556 0.92171098 0.95088428 0.95264841 0.91810243 0.96023615 0.95460182 0.94025649 0.94137838
0.97503321 0.97070073 0.94379886 0.97390271 0.96880532 0.95771171 0.97480073 0.97080204 0.97196148 0.96908585
0.96009075 0.96155776 0.92111723 0.95726523 0.95794065 0.94219194 0.96340792 0.95796009 0.95348486 0.95670127
0.93090552 0.93621154 0.88728926 0.92848096 0.93227676 0.90333673 0.94168911 0.93304215 0.92005234 0.92596817
0.90882246 0.91515215 0.86520054 0.90757613 0.91359115 0.87416734 0.92152943 0.91309166 0.89638716 0.90278497
0.90231974 0.90862956 0.85915556 0.90078791 0.90757177 0.86629751 0.91464601 0.90625853 0.88953317 0.89458462
0.85589950 0.89721726 0.86122022 0.89349643 0.90010543 0.84536605 0.89048413 0.89722301 0.86125877 0.87839790
0.85590076 0.89721702 0.86121999 0.89349793 0.90010735 0.84537063 0.89048437 0.89722334 0.86125987 0.87839765
0.85590615 0.89722115 0.86122273 0.89351357 0.90012838 0.84540610 0.89048922 0.89722968 0.86126771 0.87839827
0.85601377 0.89725459 0.86125631 0.89367874 0.90030945 0.84573299 0.89051692 0.89729798 0.86135884 0.87840579
0.86796053 0.90693002 0.87003509 0.90105805 0.90883692 0.85415885 0.90072962 0.90554393 0.87075150 0.88371951
0.94397155 0.95153542 0.91815222 0.94728972 0.95170322 0.91452764 0.95627035 0.95307099 0.94187966 0.94155302
0.96196765 0.96086820 0.92741625 0.96065784 0.96032462 0.93720027 0.96460840 0.96093128 0.95914982 0.95614627
0.93886078 0.94432861 0.90360986 0.93944745 0.94389801 0.90703708 0.94903377 0.94214619 0.93419445 0.93410341
0.91916939 0.93076081 0.88644459 0.92419735 0.93098101 0.88416888 0.93556433 0.92691924 0.91411729 0.91494052
0.91494052 0.92775547 0.88313784 0.92070826 0.92787000 0.87920822 0.93240957 0.92315193 0.90987381 0.91047620
0.83750404 0.88132517 0.83541395 0.86953907 0.88236566 0.81903171 0.86949053 0.87719504 0.84225125 0.86066753
0.83750462 0.88132578 0.83541466 0.86953945 0.88236714 0.81903323 0.86949053 0.87719679 0.84225268 0.86066765
0.83751116 0.88133429 0.83542350 0.86955309 0.88237851 0.81905167 0.86949463 0.87720466 0.84226460 0.86067357
0.83758883 0.88142342 0.83547978 0.86970111 0.88251601 0.81924712 0.86953513 0.87728619 0.84237095 0.86070823
0.83846028 0.88254197 0.83637082 0.87113803 0.88376278 0.82113888 0.87021500 0.87834525 0.84350988 0.86110500
0.89376929 0.92173092 0.87353948 0.90810691 0.92014534 0.86610747 0.91586824 0.91601586 0.89461935 0.89800454
0.93151953 0.94399836 0.89859572 0.93301533 0.94037312 0.90460855 0.94151657 0.93802775 0.93087873 0.92687431
0.91584822 0.93069989 0.88184938 0.91868926 0.92809081 0.88494621 0.93084785 0.92274376 0.91304059 0.91121645
0.89689497 0.91340179 0.86264574 0.90223471 0.91337119 0.86103910 0.91456303 0.90553737 0.89130120 0.89156898
0.89234808 0.90899179 0.85802448 0.89783085 0.90955960 0.85542609 0.91032369 0.90058947 0.88585557 0.88671258
0.80817553 0.83554553 0.78710611 0.82780623 0.84629518 0.77730022 0.82937277 0.83308111 0.79653334 0.82091922
0.80818482 0.83555368 0.78711638 0.82781549 0.84629933 0.77730750 0.82937811 0.83308767 0.79654162 0.82092711
0.80822543 0.83562834 0.78719692 0.82788706 0.84635373 0.77740006 0.82944246 0.83315837 0.79661168 0.82098051
0.80877416 0.83642867 0.78803956 0.82850355 0.84692478 0.77815847 0.83003450 0.83381210 0.79746265 0.82151591
0.81472965 0.84592232 0.79660266 0.83546207 0.85373166 0.78559817 0.83789990 0.84136148 0.80554658 0.82674662
0.87608604 0.90120387 0.84863881 0.88645208 0.90118770 0.84465039 0.89457924 0.89419041 0.87192871 0.87617320
0.91500717 0.93197141 0.87973095 0.91709731 0.92736675 0.88861308 0.92633671 0.92287151 0.91348135 0.90992822
0.90071118 0.91499785 0.86173092 0.90282004 0.91324559 0.86816202 0.91290181 0.90608488 0.89493070 0.89366726
0.87741685 0.88307517 0.83030230 0.87582768 0.88749807 0.83300117 0.88364034 0.87623915 0.86277138 0.86148277
0.86801973 0.87032691 0.81901842 0.86473769 0.87686515 0.82022142 0.87146232 0.86378908 0.84965147 0.84853468
0.77848058 0.79431828 0.75115397 0.78834564 0.80849467 0.74057367 0.79158542 0.78894171 0.75786736 0.78369555
0.77849091 0.79434588 0.75117201 0.78837142 0.80853016 0.74060997 0.79160418 0.78898083 0.75789847 0.78371306
0.77865783 0.79467468 0.75146644 0.78874454 0.80877626 0.74090643 0.79188181 0.78946966 0.75823751 0.78397046
0.78076992 0.79811910 0.75415710 0.79191243 0.81153183 0.74411698 0.79466390 0.79329423 0.76157872 0.78647105
0.79558642 0.82027454 0.77250843 0.81057692 0.82881755 0.76274594 0.81365627 0.81440596 0.78233199 0.80129456
0.86978569 0.89340210 0.84043597 0.87862708 0.89296181 0.83728986 0.88649162 0.88539925 0.86421659 0.86836098
0.91191786 0.92922871 0.87598077 0.91424699 0.92470171 0.88528460 0.92274109 0.91988240 0.91005982 0.90657884
0.89733723 0.91083675 0.85669432 0.89897261 0.90951911 0.86388402 0.90803812 0.90209037 0.89080295 0.88906197
0.86913084 0.87128921 0.81851083 0.86610442 0.87638060 0.82204094 0.87092605 0.86486552 0.85206636 0.84843823
0.85421775 0.85072739 0.80145250 0.84816815 0.85803981 0.80214474 0.85040363 0.84441157 0.83200398 0.82683320
