0.61738403
0.61738401
0.61738115
0.61732296
0.61689118
0.61250275
0.60080258
0.60078130
0.60074754
0.60061179
0.59847881
0.59044049
0.59041342
0.59009362
0.58921084
0.58890739
0.58885632
0.58641454
0.58500920
0.58488705
0.58487304
0.57384047
0.57307410
0.57306990
0.57303003
0.57240046
0.56676015
0.56536511
0.56136440
0.56132090
0.56057989
0.56036453
0.55965713
0.55954970
0.55307885
0.55282223
0.55153795
0.55141280
0.55139095
0.54991857
0.54967926
0.54966821
0.54965638
0.51885218
0.48227463
0.47737506
0.47687889
0.47685252
0.47684622
0.44927946
0.43878276
0.40401447
0.38958091
0.38219617
0.37345387
0.37227099
0.36946736
0.36918087
0.36911491
0.36911337
0.36303039
0.36107502
0.34298021
0.32568276
0.32038985
0.30814730
0.30539430
0.30409923
0.30364663
0.30361188
0.30361018
0.29728453
0.29270154
0.28105391
0.27801238
0.27362613
0.27241073
0.26929567
0.26685647
0.26281100
0.25513786
0.25073999
0.25034678
0.25031172
0.25030894
0.24485515
0.24061732
0.24021894
0.24008040
0.24002922
0.24002813
0.23566911
0.23543043
0.23495630
0.23492376
0.23492303
0.23150147
0.23109774
0.23104432
0.23104002
