0.80826690
0.79955143
0.77531824
0.80288578
0.78472343
0.79380758
0.78049731
0.79075065
0.78712348
0.76105252
0.77509234
0.76978656
0.81518862
0.78505990
0.79204557
0.77583016
0.77349476
0.76268853
0.78444298
0.80813592
0.77066095
0.80804355
0.74299157
0.80398582
0.81180646
0.73812872
0.80356026
0.83102619
0.77195712
0.78531890
0.78549396
0.80262874
0.80223701
0.79803051
0.78066349
0.79685315
0.79416084
0.76898158
0.79462618
0.74928683
0.76364896
0.76083729
0.77918464
0.78814768
0.77037558
0.80295822
0.79599140
0.80090516
0.80052423
0.76880688
