0.96905479
0.96905465
0.96905340
0.96904131
0.96891730
0.96761901
0.95499458
0.95480237
0.95480232
0.95480176
0.95479065
0.95466918
0.95263376
0.94363840
0.94363831
0.94363651
0.94362129
0.94345710
0.94184684
0.93336554
0.92881672
0.92443380
0.92442655
0.92435897
0.92382767
0.92325409
0.92187013
0.91836456
0.91833230
0.91827863
0.91798963
0.91794713
0.91794560
0.91614193
0.91442697
0.91440357
0.91440115
0.91440086
0.91350483
0.91302035
0.91224838
0.90983990
0.90099962
0.90036843
0.89670108
0.89586033
0.89469285
0.89439023
0.89433108
0.89432524
0.89432469
0.89410314
0.89250973
0.89067691
0.89066638
0.89056561
0.88993331
0.88973577
0.88634764
0.88236317
0.88232761
0.88227285
0.88193977
0.88188914
0.88188405
0.87908729
0.87763642
0.87753627
0.87752621
0.87752526
0.87123971
0.86672390
0.86517957
0.85816104
0.85771663
0.85710781
0.85701618
0.85700701
0.85700616
0.85696597
0.85688564
0.85687753
0.85573718
0.85483439
0.84808119
0.83672493
0.82527981
0.82384384
0.82002853
0.81942590
0.81936375
0.81647391
0.81581882
0.81575275
0.81574535
0.79981522
0.78125745
0.77826693
0.77794936
0.77791766
