0.77066094 0.80804355 0.74299556 0.80398589 0.81180649 0.73812876 0.80356034 0.83102622 0.77195754 0.78532754
0.76923283 0.79736364 0.73605558 0.79918720 0.80777628 0.73436334 0.79691708 0.82720645 0.76733092 0.78107061
0.76756835 0.79484852 0.73437489 0.79739720 0.80583662 0.73167789 0.79312524 0.82649684 0.76486009 0.77742983
0.76752647 0.79482044 0.73419005 0.79720400 0.80579012 0.73134304 0.79294003 0.82655615 0.76465227 0.77717158
0.76733968 0.79446877 0.73415775 0.79683492 0.80565223 0.73114296 0.79258368 0.82623530 0.76447798 0.77687735
0.76490568 0.79142114 0.73154215 0.79445641 0.80362451 0.72813888 0.79008041 0.82422603 0.76251463 0.77393175
0.74700608 0.77048073 0.70720371 0.77567598 0.78593498 0.70372011 0.76404802 0.80404329 0.74221911 0.75233507
0.64866379 0.64119756 0.57828902 0.66058123 0.67008957 0.59769317 0.65816107 0.70978515 0.63213155 0.62963288
0.41174566 0.40239742 0.36116977 0.41532987 0.43060822 0.37381264 0.41229985 0.47548219 0.38484028 0.38146449
0.21106906 0.21984601 0.17726380 0.22087008 0.22706976 0.19599338 0.23142177 0.25352329 0.20041424 0.19652924
0.75759607 0.80120501 0.73345931 0.78845265 0.80108701 0.71960532 0.79265925 0.81848437 0.75318154 0.78233443
0.77066095 0.80804355 0.74299178 0.80398582 0.81180646 0.73812872 0.80356026 0.83102619 0.77195712 0.78531890
0.76923116 0.79736268 0.73605551 0.79918483 0.80777619 0.73436327 0.79691678 0.82720539 0.76732914 0.78106863
0.76753289 0.79481538 0.73435520 0.79739038 0.80581316 0.73168869 0.79309612 0.82646494 0.76482776 0.77742540
0.76731453 0.79446567 0.73416697 0.79682899 0.80564445 0.73112198 0.79257449 0.82620631 0.76447487 0.77683746
0.76490149 0.79141814 0.73154411 0.79445539 0.80362144 0.72813730 0.79008708 0.82422550 0.76251017 0.77393029
0.74700608 0.77048102 0.70720372 0.77567598 0.78593516 0.70372041 0.76404898 0.80404504 0.74221767 0.75233379
0.64866393 0.64120364 0.57829133 0.66058451 0.67008973 0.59769474 0.65817739 0.70978608 0.63213441 0.62968307
0.41175294 0.40241073 0.36117100 0.41533491 0.43061819 0.37381504 0.41230625 0.47550275 0.38486735 0.38122932
0.21110072 0.21987179 0.17727044 0.22087574 0.22714263 0.19600760 0.23145579 0.25355281 0.20043817 0.19653856
0.75256031 0.79629581 0.72775337 0.78288890 0.79353702 0.71333524 0.78536887 0.81265082 0.74482689 0.77827182
0.75759699 0.80120497 0.73345780 0.78845260 0.80108720 0.71960528 0.79265921 0.81848413 0.75318273 0.78233434
0.77066074 0.80804335 0.74299127 0.80398544 0.81180518 0.73812892 0.80356033 0.83102323 0.77195668 0.78531920
0.76915098 0.79735735 0.73604149 0.79917006 0.80776052 0.73435458 0.79688167 0.82718951 0.76731495 0.78105855
0.76737622 0.79437296 0.73429896 0.79710262 0.80559940 0.73104851 0.79268686 0.82620198 0.76459233 0.77713225
0.76485867 0.79140183 0.73151581 0.79444896 0.80362405 0.72813546 0.79016153 0.82422821 0.76253648 0.77395883
0.74701237 0.77049770 0.70722540 0.77570135 0.78594685 0.70371910 0.76407613 0.80403791 0.74222824 0.75234394
0.64871641 0.64129047 0.57832288 0.66065241 0.67016842 0.59775732 0.65823570 0.70981347 0.63219075 0.62973170
0.41192577 0.40251609 0.36123634 0.41541668 0.43071084 0.37389299 0.41251935 0.47558735 0.38499937 0.38140960
0.21122107 0.22001355 0.17741470 0.22109175 0.22738897 0.19615577 0.23169076 0.25366320 0.20062436 0.19665529
0.75202109 0.79584923 0.72724787 0.78218140 0.79296623 0.71277223 0.78493158 0.81202077 0.74403220 0.77809677
0.75254265 0.79628263 0.72783243 0.78286522 0.79358137 0.71339822 0.78536233 0.81263993 0.74481372 0.77825379
0.75759636 0.80119753 0.73341758 0.78844918 0.80106726 0.71966467 0.79264488 0.81844999 0.75322031 0.78233939
0.77065639 0.80803972 0.74293690 0.80397813 0.81177936 0.73810214 0.80353839 0.83100774 0.77187698 0.78530847
0.76888819 0.79698340 0.73625774 0.79896233 0.80766660 0.73413748 0.79678441 0.82700449 0.76722899 0.78088140
0.76505135 0.79186349 0.73149381 0.79473362 0.80368476 0.72815854 0.79032653 0.82420754 0.76278901 0.77415968
0.74710141 0.77056332 0.70729193 0.77582777 0.78590122 0.70371570 0.76417268 0.80447501 0.74227059 0.75251969
0.64933301 0.64195284 0.57914701 0.66138892 0.67098956 0.59825681 0.65859602 0.71021804 0.63282932 0.63039535
0.41346319 0.40380690 0.36213640 0.41654329 0.43201240 0.37499712 0.41375351 0.47670177 0.38618290 0.38323861
0.21300870 0.22185382 0.17917547 0.22347093 0.22946109 0.19784283 0.23375028 0.25569575 0.20251876 0.19830067
0.75198707 0.79549347 0.72754529 0.78193632 0.79312489 0.71269169 0.78570250 0.81164619 0.74387589 0.77810629
0.75204277 0.79550564 0.72755278 0.78200304 0.79313131 0.71272137 0.78576703 0.81164972 0.74393599 0.77813183
0.75258350 0.79606930 0.72828273 0.78262760 0.79386479 0.71352598 0.78636043 0.81228888 0.74467176 0.77837686
0.75757081 0.80096089 0.73337859 0.78828183 0.80111901 0.71977599 0.79332427 0.81819257 0.75317574 0.78259788
0.77059552 0.80768973 0.74267456 0.80345350 0.81172829 0.73779517 0.80340528 0.83081373 0.77167847 0.78515210
0.76634657 0.79406699 0.73387475 0.79689697 0.80659025 0.73162557 0.79359801 0.82521170 0.76557042 0.77841621
0.74927394 0.77169105 0.70812909 0.77736283 0.78728481 0.70516780 0.76499485 0.80506986 0.74355768 0.75369351
0.65619362 0.64902501 0.58544288 0.66769813 0.67748939 0.60335034 0.66371671 0.71372742 0.63771837 0.63731258
0.42537963 0.41793953 0.37405587 0.42745451 0.44588987 0.38678507 0.42703095 0.48830675 0.39718524 0.39615358
0.22787448 0.23951904 0.19285186 0.24145431 0.24760134 0.21649212 0.25532530 0.27464017 0.21600275 0.21333280
0.75115515 0.79320518 0.72569501 0.77918029 0.79277455 0.71235062 0.78985977 0.80886985 0.74235833 0.77883723
0.75115554 0.79320528 0.72569373 0.77918270 0.79278371 0.71233146 0.78985907 0.80886924 0.74235858 0.77885131
0.75115936 0.79322841 0.72572394 0.77922131 0.79282869 0.71237002 0.78990721 0.80892860 0.74241832 0.77890926
0.75151578 0.79330147 0.72632031 0.78009191 0.79339636 0.71275182 0.79001011 0.80938793 0.74326028 0.77934377
0.75673274 0.79900922 0.73298661 0.78575854 0.80091258 0.71962509 0.79561052 0.81627032 0.75247765 0.78356693
0.76931436 0.80518845 0.74025978 0.80138842 0.81073292 0.73543130 0.80197024 0.82821444 0.76898200 0.78353628
0.75491699 0.77895115 0.71668447 0.78397667 0.79516430 0.71470753 0.77593492 0.81078118 0.74961853 0.76168452
0.68743286 0.68845051 0.61861257 0.69928851 0.71037263 0.63150448 0.69255903 0.73810058 0.66348879 0.67846753
0.52006834 0.50722244 0.45413810 0.51445282 0.53810858 0.47035483 0.51526834 0.57746716 0.48606232 0.48482461
0.36949270 0.37396961 0.31606661 0.38612047 0.40504616 0.34322397 0.39248469 0.43573166 0.34895417 0.34606714
0.74254557 0.77148159 0.70543306 0.75970658 0.78272079 0.69593233 0.77665322 0.78867763 0.72451075 0.76723784
0.74254560 0.77148070 0.70543208 0.75970662 0.78272210 0.69593488 0.77665322 0.78867639 0.72452916 0.76723777
0.74254594 0.77148973 0.70543229 0.75971476 0.78276415 0.69593132 0.77666652 0.78867686 0.72456398 0.76725425
0.74271990 0.77163311 0.70552792 0.75990322 0.78303244 0.69612493 0.77693549 0.78878289 0.72484895 0.76733406
0.74333284 0.77339922 0.70714663 0.76253462 0.78427002 0.69797076 0.77855830 0.79030555 0.72750310 0.76808027
0.74974042 0.78418772 0.71852826 0.77337586 0.79409567 0.70881544 0.78653147 0.80312711 0.74222202 0.77467031
0.75594547 0.78500617 0.71966971 0.78421343 0.79834399 0.71783745 0.78524661 0.81042087 0.75079260 0.77286631
0.72594415 0.73586449 0.67455907 0.73917990 0.76367414 0.67261478 0.73969368 0.77752484 0.70759277 0.72853579
0.69044211 0.68499167 0.62632571 0.69377389 0.72204178 0.62613877 0.68826196 0.73120933 0.65443490 0.67473548
0.66908395 0.66052734 0.60336880 0.66959461 0.69629784 0.60213602 0.66103196 0.70518890 0.62701343 0.64678558
0.69166283 0.67738872 0.62187861 0.67896434 0.71028628 0.61150575 0.69640328 0.70130424 0.63598079 0.68433139
0.69167345 0.67739053 0.62188051 0.67896546 0.71028655 0.61150902 0.69640328 0.70131173 0.63599164 0.68433141
0.69168505 0.67741119 0.62193120 0.67897422 0.71029964 0.61152845 0.69645949 0.70133815 0.63601808 0.68444054
0.69196883 0.67774550 0.62221161 0.67926772 0.71049957 0.61189620 0.69681419 0.70176297 0.63633699 0.68477795
0.69462762 0.68065402 0.62469368 0.68286830 0.71357042 0.61494440 0.69968533 0.70511168 0.63949259 0.68737414
0.70964428 0.70740191 0.64765608 0.70776642 0.73758671 0.64105235 0.72187681 0.73433975 0.66519013 0.71299219
0.73134446 0.74993113 0.68627323 0.74811661 0.77166526 0.68020644 0.74866497 0.77790433 0.71900290 0.74126864
0.70153996 0.69480568 0.63295052 0.70188479 0.72544505 0.63262306 0.70485156 0.73683046 0.66613174 0.68989888
0.64963563 0.63432382 0.58058882 0.63748661 0.67102120 0.57712963 0.64588702 0.67534799 0.60193901 0.62942049
0.62870907 0.61305006 0.56044736 0.61621174 0.64763727 0.55800525 0.62273893 0.64976002 0.57695047 0.60067962
0.48402590 0.39424800 0.42726976 0.40574043 0.42313687 0.38616516 0.44970705 0.48855797 0.43163771 0.41957282
0.48403052 0.39427086 0.42730831 0.40574158 0.42316021 0.38616635 0.44970850 0.48856259 0.43165019 0.41957675
0.48420690 0.39442284 0.42732979 0.40593623 0.42328241 0.38661506 0.44978378 0.48864085 0.43171633 0.41971995
0.48537013 0.39581104 0.42837423 0.40732541 0.42488042 0.38813078 0.45093711 0.48966260 0.43349974 0.42144038
0.49594317 0.41179525 0.44050469 0.42072255 0.44161186 0.40288731 0.46182143 0.50034563 0.44674001 0.43343003
0.57774411 0.53468678 0.52376090 0.53660827 0.56796661 0.49971245 0.55969362 0.59231743 0.53814409 0.52672676
0.69806440 0.69193916 0.63332906 0.69974520 0.71673949 0.62798242 0.69617104 0.73779076 0.67195904 0.67872906
0.63789972 0.61772973 0.56165061 0.62609032 0.64155038 0.56884051 0.63290525 0.67874088 0.60808027 0.60409542
0.49781443 0.46631961 0.43941885 0.47592267 0.48434160 0.44065807 0.48936880 0.53725983 0.45607592 0.44608187
0.42577456 0.37828854 0.35842839 0.39432268 0.39240328 0.35882910 0.40933605 0.44727875 0.37469307 0.36544841
0.23187121 0.18122173 0.20522780 0.18547199 0.19813236 0.16089040 0.21192789 0.24030623 0.19687800 0.19001042
0.23188664 0.18122665 0.20527156 0.18548852 0.19814198 0.16089485 0.21194079 0.24031630 0.19688994 0.19001222
0.23205558 0.18129256 0.20536290 0.18563422 0.19825047 0.16104033 0.21212337 0.24045153 0.19698941 0.19011556
0.23367745 0.18247066 0.20742129 0.18698524 0.19982624 0.16226040 0.21342756 0.24202457 0.19823395 0.19150576
0.24970098 0.19392040 0.22423133 0.20023960 0.21575925 0.17456591 0.22662323 0.25725865 0.21384822 0.20530635
0.41169739 0.33611831 0.36128145 0.34337404 0.36277383 0.32244316 0.38137451 0.41424294 0.37820120 0.35208329
0.68371596 0.66629949 0.61295109 0.67435884 0.68737583 0.60672715 0.66938818 0.71734879 0.65418559 0.65083068
0.60669405 0.58246564 0.53210539 0.59106813 0.60626131 0.53811479 0.59720457 0.65064523 0.58158291 0.56678404
0.37716111 0.34596720 0.33674781 0.35582772 0.36192916 0.32929339 0.37142293 0.41228845 0.35379124 0.33513748
0.27041163 0.24413786 0.22689255 0.25696509 0.26474607 0.22527876 0.26878574 0.30102971 0.23524906 0.23590482
