0.82012544
0.82012486
0.82012016
0.82008241
0.81969118
0.81641309
0.80345968
0.80345734
0.80343012
0.80307690
0.79994966
0.79811821
0.79811399
0.79804720
0.79753781
0.79526054
0.79521485
0.79480128
0.79424165
0.79379458
0.79370809
0.79263165
0.79046773
0.78936061
0.78929259
0.78928472
0.78819210
0.78812602
0.78765630
0.78744183
0.78697977
0.78632716
0.78620463
0.78151160
0.78022227
0.78014861
0.78013860
0.77601534
0.76618390
0.75348123
0.74999227
0.74962532
0.74959465
0.74958793
0.74136885
0.73814800
0.73779243
0.73776497
0.73776259
0.72054198
0.70793845
0.63772795
0.63565843
0.63301605
0.60873627
0.60613656
0.59611951
0.59105489
0.59051285
0.59046292
0.59045229
0.58671023
0.58002204
0.53428493
0.53222977
0.52592021
0.52550147
0.52488647
0.52482058
0.52481589
0.50778471
0.49421891
0.40939409
0.39604305
0.36664018
0.35573866
0.33546642
0.32795894
0.32481855
0.31648521
0.30761182
0.30673116
0.30664684
0.30663500
0.30216076
0.29882971
0.28999447
0.28879596
0.28867020
0.28865702
0.27387132
0.26532460
0.26446865
0.26438635
0.26437582
0.22298958
0.21234231
0.21130485
0.21120464
0.21119338
