0.84403753
0.84401859
0.84401859
0.84395880
0.84264175
0.83083353
0.83069255
0.83068432
0.83066824
0.83062220
0.83058561
0.83039107
0.83039107
0.83023540
0.83017527
0.81222920
0.80892716
0.80892716
0.80888928
0.80873350
0.80734617
0.80734617
0.80734617
0.80733660
0.80731816
0.80726608
0.80492787
0.75655268
0.70777064
0.70777064
0.70777064
0.70761272
0.70684208
0.70383939
0.70115842
0.66353513
0.66227941
0.65708728
0.65133966
0.64966841
0.64913099
0.64683122
0.63962898
0.63960876
0.63781666
0.63749739
0.63669663
0.63520490
0.63513631
0.63508981
0.63508981
0.63430206
0.63033678
0.62903477
0.62782664
0.62593251
0.60085645
0.59353458
0.59293305
0.59288390
0.59288390
0.58949252
0.58774727
0.58720925
0.58720925
0.58709184
0.58692584
0.55958708
0.55944975
0.55943081
0.55943081
0.55943081
0.55350449
0.55345400
0.55345400
0.55343251
0.54901669
0.54893662
0.54893662
0.54846302
0.54837843
0.54836433
0.54817002
0.54495499
0.54454370
0.54454370
0.54452674
0.54452674
0.52549473
0.51944168
0.51177477
0.51070418
0.51059895
0.51059895
0.51059895
0.50190301
0.50071482
0.50051635
0.50049289
0.50049289
