0.42930059079141547
0.5359775050371026
0.313815066069081
0.4277414043347774
0.3378729981142676
0.5977829917903447
0.3766324938337769
0.502525875913557
0.42830421675760877
0.6266015299400391
0.402567079783905
0.5669136289585105
0.47481872852549123
0.35800967046152327
0.20642574522281923
0.7092269229487274
0.75704277801052
0.3442211311210911
0.6040624159560506
0.4437682016006223
0.39069716860690235
0.5277604205435521
0.3448470235677613
0.17448919596208198
0.5115388131501785
0.2407131940127508
0.2720335876941534
0.4587018283792068
0.6067982715712681
0.6109140707035531
0.36372056788457524
0.3400365646608414
0.19808517839161274
0.7249060410451064
0.14177568201011917
0.6385086590968945
0.36012203467809073
0.2841961819806537
0.5181441379489949
0.26720509149296134
0.6295589582718766
0.7188214407315532
0.35992721064937555
0.536702970753426
0.40792101486607063
0.17227965959396
0.4304325733474726
0.600087065524055
0.405729192958989
0.2521631437678493
