0.95581607
0.95581600
0.95581508
0.95580535
0.95571005
0.95471025
0.95043800
0.95043667
0.95042465
0.95031409
0.94921857
0.94469113
0.94454562
0.94454441
0.94453230
0.94440921
0.94335701
0.94292305
0.94290283
0.94267190
0.94165691
0.94115114
0.94080300
0.94070508
0.94069497
0.93979134
0.93978439
0.93978400
0.93785624
0.93214328
0.93091119
0.93085235
0.93084646
0.93084616
0.92709129
0.92706694
0.92682620
0.92590237
0.92504737
0.92298926
0.92293003
0.92290506
0.92231788
0.92229314
0.92229054
0.91898797
0.91821818
0.91617961
0.91608169
0.91607270
0.91607165
0.91464070
0.91195872
0.90632438
0.90539747
0.90114961
0.89841819
0.89395826
0.89034656
0.88797346
0.88658103
0.88589783
0.88565781
0.88563275
0.88563062
0.88407780
0.88097807
0.88086068
0.88064645
0.88061584
0.88061337
0.87819276
0.87487950
0.86786381
0.85933484
0.84805052
0.84605066
0.83758611
0.83688390
0.83423325
0.82986682
0.82901326
0.82892585
0.82891593
0.81920058
0.81615803
0.80835412
0.80819493
0.80752312
0.80743873
0.80743110
0.79376821
0.79215642
0.79199689
0.79198015
0.79146334
0.78157238
0.78052228
0.78041914
0.78040758
