0.90959332
0.90494810
0.87786729
0.88513409
0.89892465
0.89624409
0.95689955
0.91671317
0.89255942
0.92540453
0.88155598
0.90632453
0.91152526
0.90773770
0.87709759
0.90764210
0.93927755
0.90212346
0.88546070
0.90859582
0.90973060
0.89627971
0.95660223
0.86789704
0.88650056
0.91629899
0.89138763
0.88487845
0.93619421
0.92416140
0.92958454
0.88315280
0.91514999
0.91467997
0.89508277
0.88626973
0.91935705
0.87840761
0.93368967
0.83840839
0.92749780
0.90813771
0.90122931
0.91223679
0.91687303
0.94014894
0.87381150
0.90439657
0.89594783
0.86461704
