0.81339623
0.84466255
0.81449373
0.81468429
0.76055679
0.83380463
0.77162435
0.85007177
0.82266994
0.86516705
0.80613257
0.79715490
0.85288517
0.83103956
0.77294102
0.81328820
0.79964500
0.80248821
0.81285073
0.85534482
0.78986407
0.83499975
0.74648121
0.83918429
0.84073120
0.77051560
0.84044553
0.86210855
0.83786448
0.83480750
0.83084197
0.82978427
0.85616188
0.84994031
0.79182094
0.82597314
0.79836109
0.86421985
0.82719312
0.78562738
0.85846845
0.81533502
0.86400364
0.81799342
0.79587535
0.76917011
0.83749425
0.81703140
0.81963849
0.81940530
