0.96925936,0.78729624
0.95510063,0.78281140
0.92555987,0.78123299
0.91972536,0.78113241
0.91963897,0.78096622
0.91929180,0.77832904
0.91580048,0.75639420
0.89584934,0.64108727
0.85801950,0.40148949
0.81994215,0.21225052
0.94360443,0.77419714
0.96925928,0.78729623
0.95510054,0.78281059
0.92555238,0.78122506
0.91968922,0.78098919
0.91929271,0.77832932
0.91580095,0.75639462
0.89584981,0.64109150
0.85802813,0.40150700
0.82000461,0.21226625
0.88933320,0.76786096
0.94360440,0.77419532
0.96925802,0.78729043
0.95509987,0.78274568
0.92548145,0.78101542
0.91933090,0.77833150
0.91580243,0.75640232
0.89585593,0.64115247
0.85811055,0.40162226
0.82061445,0.21246036
0.88086298,0.76739417
0.88932199,0.76784472
0.94360244,0.77420967
0.96924528,0.78727925
0.95508710,0.78255395
0.92495113,0.77855317
0.91581866,0.75649277
0.89591331,0.64177238
0.85889605,0.40307554
0.82600242,0.21417449
0.88077576,0.76736916
0.88082610,0.76739915
0.88921515,0.76785244
0.94358769,0.77416615
0.96911214,0.78710660
0.95494881,0.78027748
0.92296034,0.75750418
0.89730938,0.64744422
0.86636214,0.41630582
0.84907573,0.23189681
0.88038645,0.76627564
0.88039122,0.76628307
0.88043712,0.76632612
0.88837676,0.76684827
0.94343553,0.77334985
0.96777385,0.78527741
0.95296931,0.76496314
0.92373389,0.68110073
0.90151661,0.50468479
0.89452826,0.37080566
0.87611806,0.75110190
0.87611897,0.75110298
0.87612860,0.75111583
0.87621953,0.75130156
0.88502553,0.75288714
0.94195129,0.76380561
0.95526021,0.76902888
0.93358666,0.72654111
0.91608291,0.67881454
0.91206725,0.65440689
0.85582735,0.67097705
0.85582822,0.67098364
0.85583715,0.67101531
0.85592801,0.67135902
0.85699890,0.67426146
0.90012922,0.69879398
0.92911919,0.73595673
0.91378794,0.68883361
0.89466020,0.62925997
0.88985973,0.60729879
0.81495894,0.42733773
0.81496609,0.42734231
0.81503338,0.42748088
0.81566948,0.42892512
0.82303923,0.44339252
0.87911410,0.54219590
0.91343240,0.68593282
0.89712378,0.61647153
0.86680854,0.46946126
0.85488749,0.38683445
0.77728393,0.19922973
0.77731199,0.19923607
0.77762213,0.19937309
0.78058525,0.20078564
0.79899332,0.21495223
0.87126189,0.36210935
0.91026041,0.66167220
0.89296265,0.58304427
0.85573216,0.35618511
0.83667991,0.25106628
