0.96717885
0.94450366
0.96072414
0.95185945
0.94417988
0.95745932
0.93133969
0.96596731
0.96570835
0.96316863
0.94848793
0.95433640
0.96979051
0.96065089
0.94570981
0.94133681
0.95838581
0.95509595
0.94952544
0.97416494
0.94448778
0.95757193
0.94112750
0.97358643
0.95240768
0.94822635
0.96433676
0.96225139
0.95644005
0.94973292
0.95498637
0.97186337
0.96194775
0.96463710
0.94960039
0.95558014
0.93724085
0.97266673
0.94810306
0.94803715
0.96058493
0.95851944
0.96268438
0.94206523
0.95404544
0.95800089
0.96674538
0.94214879
0.96379662
0.95780369
