0.60528661
0.62988145
0.57282407
0.60122385
0.59561997
0.60649652
0.76681637
0.61846046
0.56979173
0.58828135
0.56800890
0.56971023
0.62551997
0.64589010
0.63326228
0.58512361
0.70226967
0.54244679
0.66867728
0.59686041
0.57904597
0.58447730
0.73221135
0.53887459
0.55770505
0.66023130
0.55268068
0.63516863
0.72084629
0.62466840
0.59602487
0.54771005
0.58886236
0.64805478
0.63662852
0.65008345
0.66190587
0.59600040
0.68595504
0.55429692
0.65611866
0.60373778
0.63224668
0.62323274
0.64932942
0.75354153
0.56024819
0.59436411
0.57791950
0.57457947
