0.82923077
0.94223485
0.73039742
0.74576823
0.76461538
0.92615385
0.71019900
0.72900763
0.85694151
0.95933264
0.76632740
0.89393939
0.84425652
0.71969697
0.62988281
0.94092374
0.92158969
0.75475687
0.90076923
0.91240876
0.75094697
0.87923077
0.70076923
0.83143939
0.88794926
0.54814815
0.80871212
0.80056378
0.86653646
0.78519291
0.78832117
0.86730769
0.65629630
0.93990930
0.70833333
0.92366412
0.80492424
0.70407197
0.76996652
0.76102941
0.92992424
0.89366273
0.67477097
0.85615385
0.78841146
0.71755725
0.85110294
0.84073291
0.80692308
0.74632353
